1.000000 0.000000
1.036690 0.043450
1.070838 0.089921
1.101681 0.139175
1.128498 0.190871
1.150630 0.244574
1.167495 0.299762
1.178608 0.355843
1.183585 0.412168
1.182163 0.468051
1.174195 0.522786
1.159666 0.575663
1.138680 0.625995
1.111467 0.673128
1.078372 0.716468
1.039843 0.755490
0.996426 0.789757
0.948741 0.818931
0.897473 0.842783
0.843349 0.861200
0.787122 0.874188
0.729548 0.881873
0.671369 0.884497
0.613293 0.882413
0.555974 0.876075
0.500000 0.866025
0.445876 0.852882
0.394013 0.837321
0.344719 0.820055
0.298194 0.801820
0.254526 0.783351
0.213693 0.765364
0.175567 0.748532
0.139918 0.733475
0.106429 0.720736
0.074705 0.710768
0.044287 0.703922
0.014672 0.700438
-0.014672 0.700438
-0.044287 0.703922
-0.074705 0.710768
-0.106429 0.720736
-0.139918 0.733475
-0.175567 0.748532
-0.213693 0.765364
-0.254526 0.783351
-0.298194 0.801820
-0.344719 0.820055
-0.394013 0.837321
-0.445876 0.852882
-0.500000 0.866025
-0.555974 0.876075
-0.613293 0.882413
-0.671369 0.884497
-0.729548 0.881873
-0.787122 0.874188
-0.843349 0.861200
-0.897473 0.842783
-0.948741 0.818931
-0.996426 0.789757
-1.039843 0.755490
-1.078372 0.716468
-1.111467 0.673128
-1.138680 0.625995
-1.159666 0.575663
-1.174195 0.522786
-1.182163 0.468051
-1.183585 0.412168
-1.178608 0.355843
-1.167495 0.299762
-1.150630 0.244574
-1.128498 0.190871
-1.101681 0.139175
-1.070838 0.089921
-1.036690 0.043450
-1.000000 0.000000
-0.961556 -0.040301
-0.922148 -0.077435
-0.882548 -0.111492
-0.843494 -0.142666
-0.805665 -0.171249
-0.769671 -0.197618
-0.736031 -0.222221
-0.705167 -0.245565
-0.677390 -0.268198
-0.652895 -0.290688
-0.631758 -0.313607
-0.613933 -0.337513
-0.599261 -0.362926
-0.587471 -0.390315
-0.578191 -0.420080
-0.570961 -0.452538
-0.565249 -0.487910
-0.560465 -0.526311
-0.555978 -0.567746
-0.551139 -0.612102
-0.545300 -0.659154
-0.537829 -0.708563
-0.528134 -0.759886
-0.515680 -0.812581
-0.500000 -0.866025
-0.480716 -0.919525
-0.457545 -0.972333
-0.430312 -1.023671
-0.398950 -1.072744
-0.363508 -1.118762
-0.324146 -1.160962
-0.281135 -1.198626
-0.234845 -1.231099
-0.185737 -1.257808
-0.134352 -1.278276
-0.081294 -1.292131
-0.027213 -1.299123
0.027213 -1.299123
0.081294 -1.292131
0.134352 -1.278276
0.185737 -1.257808
0.234845 -1.231099
0.281135 -1.198626
0.324146 -1.160962
0.363508 -1.118762
0.398950 -1.072744
0.430312 -1.023671
0.457545 -0.972333
0.480716 -0.919525
0.500000 -0.866025
0.515680 -0.812581
0.528134 -0.759886
0.537829 -0.708563
0.545300 -0.659154
0.551139 -0.612102
0.555978 -0.567746
0.560465 -0.526311
0.565249 -0.487910
0.570961 -0.452538
0.578191 -0.420080
0.587471 -0.390315
0.599261 -0.362926
0.613933 -0.337513
0.631758 -0.313607
0.652895 -0.290688
0.677390 -0.268198
0.705167 -0.245565
0.736031 -0.222221
0.769671 -0.197618
0.805665 -0.171249
0.843494 -0.142666
0.882548 -0.111492
0.922148 -0.077435
0.961556 -0.040301
