1.109934 -0.102765
1.173724 -0.027598
1.215052 -0.016792
1.306948 0.052624
1.316610 0.100217
1.360667 0.134020
1.410371 0.160036
1.396848 0.242138
1.426013 0.314021
1.431463 0.332336
1.470544 0.406735
1.422765 0.430704
1.380062 0.506255
1.327949 0.553055
1.290827 0.577827
1.236014 0.655544
1.187825 0.629121
1.140865 0.654861
1.062508 0.666593
0.964475 0.733944
0.938360 0.755448
0.854588 0.765732
0.762179 0.774601
0.719569 0.824589
0.675378 0.779516
0.617768 0.815022
0.543811 0.839393
0.527401 0.846765
0.442759 0.819739
0.422111 0.840477
0.364787 0.810169
0.313761 0.781470
0.315928 0.823401
0.263896 0.807366
0.239660 0.766259
0.207704 0.803249
0.168256 0.799052
0.084975 0.781748
0.106833 0.759330
0.073376 0.728008
0.031732 0.779630
0.027841 0.768796
-0.058653 0.777260
-0.068261 0.802852
-0.144833 0.815660
-0.183646 0.833255
-0.254582 0.814413
-0.306681 0.796653
-0.354125 0.833361
-0.423476 0.822468
-0.517021 0.814311
-0.561491 0.798731
-0.623688 0.811528
-0.647540 0.792489
-0.742955 0.770265
-0.846454 0.751490
-0.863125 0.779272
-0.919956 0.711817
-0.963510 0.655905
-0.981185 0.665314
-1.023786 0.600310
-1.041522 0.555624
-1.082522 0.589350
-1.133957 0.492710
-1.127857 0.449129
-1.173012 0.412622
-1.172380 0.370054
-1.176007 0.338734
-1.177255 0.246943
-1.146688 0.173684
-1.156901 0.169477
-1.188846 0.093058
-1.143137 0.052911
-1.160848 -0.038518
-1.109508 -0.052119
-1.094990 -0.093071
-1.090253 -0.132913
-1.044632 -0.184874
-0.984959 -0.189710
-1.016671 -0.210556
-0.982588 -0.228880
-0.910723 -0.279093
-0.886785 -0.270395
-0.863821 -0.255435
-0.861990 -0.322751
-0.854697 -0.338677
-0.821485 -0.331325
-0.800670 -0.339127
-0.795233 -0.346390
-0.792693 -0.343531
-0.768793 -0.440537
-0.797811 -0.442371
-0.776135 -0.469590
-0.756534 -0.520334
-0.775127 -0.587151
-0.755977 -0.580366
-0.727185 -0.665294
-0.707085 -0.677285
-0.701346 -0.727644
-0.649387 -0.799736
-0.604131 -0.811508
-0.544647 -0.846418
-0.543874 -0.929175
-0.451898 -0.940493
-0.394562 -0.910837
-0.333765 -0.998534
-0.264821 -1.037407
-0.227911 -1.060048
-0.174201 -1.100285
-0.105382 -1.109827
0.013563 -1.160483
0.043438 -1.163023
0.081737 -1.112753
0.152329 -1.156087
0.194254 -1.117176
0.248237 -1.118809
0.313858 -1.124497
0.400793 -1.082870
0.356389 -1.071498
0.415985 -1.033387
0.438684 -1.023540
0.482927 -0.970576
0.460482 -0.957459
0.480780 -0.923485
0.526576 -0.859394
0.463496 -0.804367
0.526387 -0.756227
0.447839 -0.740403
0.498013 -0.699145
0.477068 -0.624887
0.446921 -0.598684
0.400134 -0.577341
0.461972 -0.543833
0.504531 -0.512473
0.470921 -0.449406
0.519538 -0.452111
0.528299 -0.397730
0.503252 -0.366218
0.548431 -0.367675
0.571320 -0.345854
0.601734 -0.309118
0.664897 -0.332433
0.713767 -0.332413
0.710181 -0.266884
0.765001 -0.275134
0.805207 -0.254482
0.851054 -0.206695
0.926472 -0.213045
0.996223 -0.164441
1.055028 -0.124965
-0.569585 -0.999943
0.957700 0.642645
1.739596 -0.386178
-0.276294 0.563250
-0.378034 0.966056
1.309056 -0.343439
0.958536 0.506174
-1.152725 0.892449
0.157968 0.693856
-0.445680 0.874103
-0.220286 -1.434739
1.462147 -1.224784
-0.448078 1.016437
1.609553 0.033528
0.570558 -0.292675
-0.533158 -0.605278
0.703154 0.500515
1.091219 0.597713
-1.191570 -0.172691
-1.301240 -0.028869
