1.100000 -0.100000
1.160771 -0.058059
1.219735 -0.012109
1.275364 0.037275
1.326000 0.089366
1.369935 0.143335
1.405531 0.198302
1.431347 0.253384
1.446270 0.307736
1.449624 0.360582
1.441231 0.411250
1.421414 0.459199
1.390950 0.504036
1.350969 0.545541
1.302839 0.583661
1.248048 0.618498
1.188095 0.650276
1.124414 0.679278
1.058331 0.705786
0.991039 0.730007
0.923590 0.752020
0.856901 0.771754
0.791749 0.788998
0.728782 0.803447
0.668506 0.814777
0.611286 0.822724
0.557349 0.827160
0.506781 0.828140
0.459543 0.825923
0.415486 0.820966
0.374370 0.813882
0.335888 0.805394
0.299677 0.796277
0.265337 0.787295
0.232428 0.779162
0.200476 0.772488
0.168973 0.767760
0.137370 0.765310
0.105092 0.765310
0.071541 0.767760
0.036126 0.772488
-0.001716 0.779162
-0.042483 0.787295
-0.086569 0.796277
-0.134238 0.805394
-0.185587 0.813882
-0.240541 0.820966
-0.298839 0.825923
-0.360048 0.828140
-0.423578 0.827160
-0.488714 0.822724
-0.554637 0.814777
-0.620462 0.803447
-0.685263 0.788998
-0.748106 0.771754
-0.808078 0.752020
-0.864329 0.730007
-0.916109 0.705786
-0.962816 0.679278
-1.004042 0.650276
-1.039607 0.618498
-1.069578 0.583661
-1.094259 0.545541
-1.114146 0.504036
-1.129850 0.459199
-1.141999 0.411250
-1.151134 0.360582
-1.157618 0.307736
-1.161590 0.253384
-1.162958 0.198302
-1.161450 0.143335
-1.156696 0.089366
-1.148335 0.037275
-1.136109 -0.012109
-1.119947 -0.058059
-1.100000 -0.100000
-1.076652 -0.137558
-1.050494 -0.170587
-1.022275 -0.199187
-0.992845 -0.223687
-0.963094 -0.244622
-0.933895 -0.262680
-0.906052 -0.278650
-0.880262 -0.293371
-0.857083 -0.307677
-0.836907 -0.322361
-0.819943 -0.338148
-0.806204 -0.355671
-0.795493 -0.375460
-0.787400 -0.397934
-0.781307 -0.423394
-0.776393 -0.452020
-0.771666 -0.483870
-0.765999 -0.518877
-0.758191 -0.556854
-0.747046 -0.597494
-0.731467 -0.640380
-0.710549 -0.684991
-0.683669 -0.730719
-0.650551 -0.776876
-0.611286 -0.822724
-0.566308 -0.867494
-0.516321 -0.910419
-0.462198 -0.950769
-0.404863 -0.987891
-0.345183 -1.021245
-0.283901 -1.050435
-0.221606 -1.075227
-0.158744 -1.095548
-0.095675 -1.111465
-0.032730 -1.123138
0.029713 -1.130768
0.091175 -1.134532
0.151043 -1.134532
0.208560 -1.130768
0.262845 -1.123138
0.312946 -1.111465
0.357914 -1.095548
0.396892 -1.075227
0.429221 -1.050435
0.454534 -1.021245
0.472827 -0.987891
0.484488 -0.950769
0.490279 -0.910419
0.491267 -0.867494
0.488714 -0.822724
0.483944 -0.776876
0.478226 -0.730719
0.472675 -0.684991
0.468192 -0.640380
0.465459 -0.597494
0.464960 -0.556854
0.467023 -0.518877
0.471883 -0.483870
0.479722 -0.452020
0.490713 -0.423394
0.505036 -0.397934
0.522882 -0.375460
0.544449 -0.355671
0.569924 -0.338148
0.599463 -0.322361
0.633176 -0.307677
0.671106 -0.293371
0.713217 -0.278650
0.759381 -0.262680
0.809369 -0.244622
0.862842 -0.223687
0.919331 -0.199187
0.978231 -0.170587
1.038771 -0.137558
